# bin=100 r=1000 t=7  
#energy -1.34307 2.67565
0.01 153.01 131.864
0.21 143.679 86.3265
0.41 137.89 75.211
0.61 133.536 68.7453
0.81 130.013 64.173
1.01 127.043 60.6308
1.21 124.471 57.7388
1.41 122.2 55.2963
1.61 120.165 53.1839
1.81 118.321 51.325
2.01 116.636 49.6669
2.21 115.082 48.1724
2.41 113.642 46.813
2.61 112.299 45.5686
2.81 111.041 44.4219
3.01 109.858 43.3595
3.21 108.741 42.3714
3.41 107.683 41.4482
3.61 106.678 40.5828
3.81 105.721 39.7689
4.01 104.807 39.0013
4.21 103.933 38.2757
4.41 103.095 37.588
4.61 102.29 36.9353
4.81 101.516 36.3135
5.01 100.77 35.7213
5.21 100.051 35.1556
5.41 99.3553 34.6146
5.61 98.6825 34.0971
5.81 98.0315 33.6007
6.01 97.4002 33.1237
6.21 96.7874 32.6652
6.41 96.1921 32.2241
6.61 95.6135 31.7991
6.81 95.0504 31.3895
7.01 94.502 30.9929
7.21 93.9673 30.6119
7.41 93.4458 30.2423
7.61 92.9395 29.8874
7.81 92.4401 29.539
8.01 91.9544 29.2035
8.21 91.4794 28.8782
8.41 91.0149 28.5629
8.61 90.5594 28.2559
8.81 90.1148 27.959
9.01 89.6762 27.6671
9.21 89.2508 27.3883
9.41 88.8313 27.1135
9.61 88.4199 26.8481
9.81 88.0163 26.5886
10.01 87.6193 26.3357
10.21 87.2295 26.0891
10.41 86.8461 25.8482
10.61 86.4703 25.6134
10.81 86.0996 25.3844
11.01 85.7363 25.1603
11.21 85.3784 24.942
11.41 85.0321 24.7143
11.61 84.6789 24.5196
11.81 84.3367 24.3152
12.01 84.0057 24.1073
12.21 83.6686 23.9196
12.41 83.3421 23.7286
12.61 83.0215 23.5413
12.81 82.7015 23.3575
13.01 82.3887 23.1774
13.21 82.0798 23.0009
13.41 81.7742 22.8293
13.61 81.4735 22.6593
13.81 81.1766 22.4927
14.01 80.8837 22.3292
14.21 80.5932 22.1705
14.41 80.3074 22.0132
14.61 80.0255 21.8589
14.81 79.7472 21.7079
15.01 79.4694 21.5585
15.21 79.1975 21.4128
15.41 78.9281 21.2699
15.61 78.6613 21.1289
15.81 78.4071 20.9942
16.01 78.1383 20.8545
16.21 77.8803 20.7203
16.41 77.6262 20.5886
16.61 77.3739 20.4597
16.81 77.1275 20.3305
17.01 76.8781 20.2066
17.21 76.6331 20.0831
17.41 76.3919 19.9615
17.61 76.152 19.8424
17.81 75.9068 19.7223
18.01 75.6805 19.609
18.21 75.4478 19.494
18.41 75.2181 19.3819
18.61 74.9899 19.2707
18.81 74.7655 19.1614
19.01 74.5298 19.0375
19.21 74.3206 18.9484
19.41 74.0997 18.8442
19.61 73.882 18.7407
19.81 73.6662 18.6394
20.01 73.4534 18.5387
20.21 73.2431 18.4427
20.41 73.0335 18.3436
20.61 72.8223 18.2475
20.81 72.6166 18.1521
21.01 72.4116 18.0587
21.21 72.2096 17.9669
21.41 72.0066 17.876
21.61 71.8098 17.7844
21.81 71.61 17.6951
22.01 71.4142 17.6105
22.21 71.2181 17.5232
22.41 71.026 17.4383
22.61 70.8342 17.354
22.81 70.6426 17.271
23.01 70.4556 17.1882
23.21 70.2644 17.11
23.41 70.08 17.0294
23.61 69.8969 16.9476
23.81 69.7134 16.8707
24.01 69.5316 16.7925
24.21 69.3511 16.7163
24.41 69.172 16.6416
24.61 68.9941 16.566
24.81 68.8173 16.4942
25.01 68.6448 16.4126
25.21 68.4691 16.3465
25.41 68.2944 16.2777
25.61 68.1241 16.2063
25.81 67.9523 16.1373
26.01 67.783 16.0684
26.21 67.6162 16.0004
26.41 67.4475 15.9328
26.61 67.2835 15.8673
26.81 67.1168 15.799
27.01 66.8974 15.9162
27.21 66.7892 15.6727
27.41 66.6314 15.6074
27.61 66.468 15.5445
27.81 66.3104 15.4828
28.01 66.1511 15.4203
28.21 65.9942 15.3594
28.41 65.8363 15.2994
28.61 65.683 15.2399
28.81 65.5264 15.1794
29.01 65.3724 15.1238
29.21 65.346 15.0413
29.41 65.0735 15.0078
29.61 64.9179 14.9487
29.81 64.7679 14.8943
30.01 64.6209 14.8381
30.21 64.4711 14.7825
30.41 64.3243 14.7288
30.61 64.1773 14.6744
30.81 64.0335 14.6214
31.01 63.8886 14.5673
31.21 63.7422 14.5156
31.41 63.6035 14.4652
31.61 63.4651 14.4074
31.81 63.328 14.3624
32.01 63.1765 14.3089
32.21 63.0359 14.2613
32.41 62.9001 14.2118
32.61 62.761 14.1616
32.81 62.6221 14.1135
33.01 62.4867 14.0659
33.21 62.3497 14.0178
33.41 62.2161 13.971
33.61 62.0822 13.9232
33.81 61.9459 13.8765
34.01 61.813 13.8322
34.21 61.6862 13.7868
34.41 61.5552 13.7349
34.61 61.4345 13.6986
34.81 61.2908 13.6491
35.01 61.1572 13.6068
35.21 61.0307 13.5647
35.41 60.9047 13.5208
35.61 60.776 13.4771
35.81 60.6477 13.435
36.01 60.5221 13.3935
36.21 60.3962 13.351
36.41 60.2712 13.3104
36.61 60.1487 13.2696
36.81 60.026 13.2281
37.01 59.9007 13.1869
37.21 59.7754 13.1478
37.41 59.6555 13.1108
37.61 59.5493 13.0732
37.81 59.3991 13.0363
38.01 59.2982 12.9942
38.21 59.1796 12.9529
38.41 59.0573 12.9137
38.61 58.9366 12.8766
38.81 58.8194 12.8402
39.01 58.7041 12.8034
39.21 58.5885 12.766
39.41 58.4717 12.7289
39.61 58.356 12.6937
39.81 58.242 12.6573
40.01 58.1271 12.621
40.21 58.0114 12.5854
40.41 57.8967 12.551
40.61 57.7845 12.5173
40.81 57.6755 12.4834
41.01 57.568 12.4482
41.21 57.4592 12.41
41.41 57.4637 12.6502
41.61 57.2408 12.349
41.81 57.1255 12.3121
42.01 57.0115 12.2784
42.21 56.8999 12.2463
42.41 56.7911 12.2149
42.61 56.6844 12.1834
42.81 56.5788 12.1516
43.01 56.473 12.1196
43.21 56.3668 12.0876
43.41 56.2602 12.0559
43.61 56.1539 12.0259
43.81 56.05 11.9951
44.01 55.9462 11.9641
44.21 55.842 11.9332
44.41 55.7372 11.9026
44.61 55.6322 11.8725
44.81 55.5274 11.8432
45.01 55.4237 11.8148
45.21 55.3219 11.7874
45.41 55.2242 11.7618
45.61 55.1659 11.7576
45.81 55.0048 11.6946
46.01 54.9142 11.6707
46.21 54.8191 11.6437
46.41 54.723 11.616
46.61 54.6263 11.588
46.81 54.5291 11.5599
47.01 54.4314 11.5319
47.21 54.3335 11.5042
47.41 54.2355 11.4768
47.61 54.1378 11.4498
47.81 54.0405 11.4231
48.01 53.9437 11.3968
48.21 53.8498 11.3716
48.41 53.7551 11.3454
48.61 53.6605 11.3192
48.81 53.5661 11.2931
49.01 53.4717 11.2672
49.21 53.3774 11.2414
49.41 53.2832 11.2159
49.61 53.1888 11.1905
49.81 53.0943 11.1653