# bin=70 r=1000 t=9 
#energy -0.060061 0.783213
0.01 59.6396 222.491
0.21 56.383 169.601
0.41 55.9005 151.257
0.61 55.8698 139.697
0.81 55.9708 131.267
1.01 56.1124 124.657
1.21 56.2614 119.238
1.41 56.4045 114.66
1.61 56.5363 110.706
1.81 56.6549 107.234
2.01 56.7599 104.144
2.21 56.8518 101.363
2.41 56.9315 98.8393
2.61 56.9994 96.5307
2.81 57.0569 94.4059
3.01 57.1047 92.4388
3.21 57.1434 90.6092
3.41 57.1741 88.9001
3.61 57.1973 87.2975
3.81 57.2137 85.7892
4.01 57.2238 84.3658
4.21 57.2281 83.0188
4.41 57.2272 81.7411
4.61 57.2212 80.5258
4.81 57.2112 79.3681
5.01 57.1967 78.2627
5.21 57.1785 77.2053
5.41 57.1567 76.1918
5.61 57.1313 75.2197
5.81 57.103 74.2868
6.01 57.0722 73.3889
6.21 57.0386 72.5238
6.41 57.0026 71.6894
6.61 56.9643 70.8843
6.81 56.9238 70.1063
7.01 56.8822 69.3531
7.21 56.8371 68.6247
7.41 56.7911 67.9183
7.61 56.7428 67.2398
7.81 56.6942 66.5693
8.01 56.6437 65.9237
8.21 56.5918 65.2962
8.41 56.5385 64.6864
8.61 56.4843 64.0911
8.81 56.4287 63.5151
9.01 56.3731 62.9462
9.21 56.3148 62.4035
9.41 56.2574 61.8675
9.61 56.1974 61.3465
9.81 56.1375 60.8375
10.01 56.0765 60.3394
10.21 56.015 59.8526
10.41 55.9528 59.376
10.61 55.8905 58.912
10.81 55.8267 58.4563
11.01 55.7635 58.0119
11.21 55.699 57.5769
11.41 55.6499 57.1427
11.61 55.5688 56.7322
11.81 55.503 56.3217
12.01 55.4473 55.9179
12.21 55.3708 55.5262
12.41 55.3038 55.1409
12.61 55.2376 54.7642
12.81 55.1689 54.3891
13.01 55.1017 54.0243
13.21 55.0341 53.6655
13.41 54.9645 53.3141
13.61 54.8967 52.9677
13.81 54.8285 52.6273
14.01 54.7604 52.2927
14.21 54.6897 51.9648
14.41 54.6209 51.6415
14.61 54.5521 51.3241
14.81 54.4829 51.0128
15.01 54.4127 50.7018
15.21 54.3432 50.4003
15.41 54.2729 50.103
15.61 54.2027 49.809
15.81 54.1358 49.5353
16.01 54.0629 49.237
16.21 53.9927 48.9559
16.41 53.923 48.6803
16.61 53.852 48.4089
16.81 53.7855 48.1411
17.01 53.712 47.8763
17.21 53.6412 47.6148
17.41 53.5713 47.3583
17.61 53.5002 47.1051
17.81 53.4258 46.8437
18.01 53.3592 46.609
18.21 53.2893 46.3642
18.41 53.2189 46.1251
18.61 53.1487 45.8874
18.81 53.0795 45.6546
19.01 53.0152 45.3866
19.21 52.9386 45.1973
19.41 52.8671 44.9718
19.61 52.7973 44.7488
19.81 52.7267 44.5298
20.01 52.6578 44.3131
20.21 52.5864 44.105
20.41 52.5183 43.8912
20.61 52.4461 43.6799
20.81 52.3773 43.4731
21.01 52.3071 43.2692
21.21 52.2377 43.0693
21.41 52.1666 42.869
21.61 52.1008 42.6713
21.81 52.0304 42.4743
22.01 51.9587 42.2875
22.21 51.8892 42.0947
22.41 51.8204 41.9082
22.61 51.7512 41.7221
22.81 51.6809 41.5375
23.01 51.6139 41.3557
23.21 51.539 41.1783
23.41 51.4718 41.0006
23.61 51.4067 40.8206
23.81 51.3365 40.6485
24.01 51.2687 40.4744
24.21 51.2002 40.3039
24.41 51.131 40.1365
24.61 51.0637 39.9673
24.81 50.9935 39.8052
25.01 50.936 39.6269
25.21 50.8612 39.4747
25.41 50.7895 39.3175
25.61 50.7238 39.1575
25.81 50.6545 39.0004
26.01 50.5871 38.8443
26.21 50.5206 38.691
26.41 50.4522 38.5363
26.61 50.3856 38.3882
26.81 50.3191 38.2322
27.01 50.0349 38.3992
27.21 50.1812 37.9419
27.41 50.119 37.7953
27.61 50.0498 37.6494
27.81 49.9843 37.5085
28.01 49.9178 37.3648
28.21 49.8518 37.2248
28.41 49.784 37.0856
28.61 49.7195 36.9494
28.81 49.653 36.8088
29.01 49.5839 36.6789
29.21 49.6496 36.5646
29.41 49.4579 36.4129
29.61 49.3903 36.2737
29.81 49.3231 36.1463
30.01 49.2601 36.0165
30.21 49.1937 35.8861
30.41 49.1283 35.7604
30.61 49.0631 35.6329
30.81 48.9992 35.5093
31.01 48.9353 35.3825
31.21 48.8678 35.2593
31.41 48.8056 35.1424
31.61 48.7504 35.0101
31.81 48.6844 34.9039
32.01 48.6134 34.7731
32.21 48.5465 34.6591
32.41 48.4854 34.5433
32.61 48.4218 34.4241
32.81 48.3564 34.3089
33.01 48.2936 34.196
33.21 48.2295 34.0811
33.41 48.1672 33.9698
33.61 48.1054 33.8563
33.81 48.0404 33.7435
34.01 47.976 33.6368
34.21 47.9179 33.5302
34.41 47.8618 33.4081
34.61 47.8007 33.3224
34.81 47.7309 33.1989
35.01 47.6634 33.0946
35.21 47.6021 32.9933
35.41 47.5425 32.8884
35.61 47.4804 32.7822
35.81 47.4169 32.6793
36.01 47.3552 32.5788
36.21 47.294 32.4756
36.41 47.2318 32.3763
36.61 47.1719 32.2777
36.81 47.1123 32.1769
37.01 47.05 32.0757
37.21 46.9856 31.9786
37.41 46.9242 31.8877
37.61 46.8755 31.8008
37.81 46.7863 31.6981
38.01 46.7462 31.603
38.21 46.6892 31.5027
38.41 46.627 31.4052
38.61 46.5641 31.3124
38.81 46.5036 31.2223
39.01 46.4452 31.1317
39.21 46.3868 31.0396
39.41 46.3271 30.9475
39.61 46.2666 30.8594
39.81 46.2084 30.7695
40.01 46.1493 30.6791
40.21 46.0887 30.5898
40.41 46.0279 30.503
40.61 45.9686 30.4186
40.81 45.9122 30.3347
41.01 45.8583 30.2482
41.21 45.8057 30.1548
41.41 45.6139 30.6988
41.61 45.6859 29.9999
41.81 45.6259 29.9064
42.01 45.5641 29.82
42.21 45.503 29.7378
42.41 45.4438 29.6577
42.61 45.3865 29.5782
42.81 45.3302 29.498
43.01 45.2741 29.4172
43.21 45.2173 29.336
43.41 45.1597 29.2554
43.61 45.1009 29.1784
43.81 45.0449 29.1
44.01 44.989 29.0214
44.21 44.9326 28.9425
44.41 44.8753 28.8639
44.61 44.8171 28.7863
44.81 44.7585 28.7104
45.01 44.6999 28.6365
45.21 44.6422 28.5653
45.41 44.5867 28.499
45.61 44.5494 28.4913
45.81 44.4665 28.3243
46.01 44.4158 28.2635
46.21 44.3634 28.1945
46.41 44.3106 28.1234
46.61 44.2574 28.0514
46.81 44.2036 27.979
47.01 44.1492 27.9066
47.21 44.0943 27.8345
47.41 44.039 27.7631
47.61 43.9835 27.6923
47.81 43.928 27.6224
48.01 43.8726 27.5531
48.21 43.8188 27.4873
48.41 43.765 27.4186
48.61 43.7112 27.35
48.81 43.6573 27.2817
49.01 43.6034 27.2135
49.21 43.5492 27.1456
49.41 43.4948 27.078
49.61 43.44 27.0107
49.81 43.3849 26.9438
