# bin=100 r=1000 t=7  
#energy -1.34444 3.20982
0.01 173.94 7.23535
0.21 153.953 26.5776
0.41 145.371 31.4327
0.61 139.472 33.4638
0.81 134.936 34.3399
1.01 131.242 34.6406
1.21 128.124 34.6246
1.41 125.427 34.4245
1.61 123.05 34.1142
1.81 120.926 33.7374
2.01 119.007 33.3214
2.21 117.257 32.8835
2.41 115.648 32.4348
2.61 114.159 31.9836
2.81 112.774 31.5341
3.01 111.48 31.0898
3.21 110.265 30.6534
3.41 109.119 30.2258
3.61 108.036 29.8083
3.81 107.009 29.4011
4.01 106.032 29.0045
4.21 105.1 28.6189
4.41 104.21 28.2438
4.61 103.357 27.8795
4.81 102.54 27.5248
5.01 101.754 27.1807
5.21 100.998 26.846
5.41 100.268 26.5209
5.61 99.5639 26.2052
5.81 98.8837 25.8981
6.01 98.2254 25.5991
6.21 97.5874 25.3083
6.41 96.9686 25.0254
6.61 96.368 24.75
6.81 95.7843 24.482
7.01 95.2167 24.2199
7.21 94.6639 23.9664
7.41 94.1254 23.7184
7.61 93.6032 23.478
7.81 93.0885 23.2409
8.01 92.5886 23.0108
8.21 92.1001 22.7862
8.41 91.6228 22.5673
8.61 91.1551 22.3529
8.81 90.6991 22.1443
9.01 90.2495 21.9383
9.21 89.8138 21.7404
9.41 89.3845 21.5443
9.61 88.9637 21.3543
9.81 88.5512 21.1676
10.01 88.1457 20.9851
10.21 87.7476 20.8063
10.41 87.3564 20.631
10.61 86.9732 20.4594
10.81 86.5953 20.2917
11.01 86.2252 20.1268
11.21 85.8608 19.9658
11.41 85.5082 19.7946
11.61 85.1489 19.6528
11.81 84.8008 19.5007
12.01 84.4644 19.3438
12.21 84.1218 19.2052
12.41 83.79 19.0619
12.61 83.4645 18.9209
12.81 83.1397 18.7828
13.01 82.8222 18.6468
13.21 82.5088 18.5132
13.41 82.1989 18.3833
13.61 81.894 18.2541
13.81 81.593 18.1273
14.01 81.2961 18.0025
14.21 81.0019 17.8815
14.41 80.7124 17.7611
14.61 80.4269 17.6429
14.81 80.1451 17.5269
15.01 79.8639 17.4122
15.21 79.5888 17.3001
15.41 79.3162 17.19
15.61 79.0463 17.0812
15.81 78.7895 16.9762
16.01 78.5174 16.869
16.21 78.2566 16.7651
16.41 77.9996 16.6629
16.61 77.7446 16.5629
16.81 77.4956 16.462
17.01 77.2436 16.366
17.21 76.9961 16.2699
17.41 76.7525 16.1751
17.61 76.5102 16.0823
17.81 76.2623 15.9893
18.01 76.034 15.9
18.21 75.7991 15.81
18.41 75.5672 15.7223
18.61 75.3368 15.6352
18.81 75.1103 15.5494
19.01 74.8721 15.4525
19.21 74.6613 15.3822
19.41 74.4384 15.3006
19.61 74.2188 15.2192
19.81 74.001 15.1396
20.01 73.7863 15.0603
20.21 73.5742 14.9847
20.41 73.3629 14.9066
20.61 73.1498 14.8312
20.81 72.9423 14.7559
21.01 72.7356 14.6823
21.21 72.5318 14.6098
21.41 72.3272 14.5382
21.61 72.1287 14.4656
21.81 71.9273 14.3952
22.01 71.7299 14.3285
22.21 71.5322 14.2595
22.41 71.3385 14.1923
22.61 71.1452 14.1257
22.81 70.9521 14.0602
23.01 70.7636 13.9945
23.21 70.5709 13.9331
23.41 70.385 13.8692
23.61 70.2004 13.8042
23.81 70.0156 13.7434
24.01 69.8323 13.6815
24.21 69.6504 13.6211
24.41 69.4699 13.5621
24.61 69.2906 13.5021
24.81 69.1125 13.4454
25.01 68.9385 13.3801
25.21 68.7616 13.3281
25.41 68.5855 13.2739
25.61 68.4139 13.2172
25.81 68.2408 13.1627
26.01 68.0703 13.1081
26.21 67.9022 13.0542
26.41 67.7321 13.0007
26.61 67.567 12.9488
26.81 67.3989 12.8947
27.01 67.1798 12.9996
27.21 67.0689 12.7949
27.41 66.9098 12.7429
27.61 66.7452 12.6933
27.81 66.5864 12.6443
28.01 66.4259 12.5949
28.21 66.2678 12.5466
28.41 66.1087 12.4993
28.61 65.9543 12.452
28.81 65.7964 12.4043
29.01 65.6413 12.3604
29.21 65.6153 12.286
29.41 65.3401 12.2683
29.61 65.1833 12.2218
29.81 65.0322 12.1789
30.01 64.8841 12.1343
30.21 64.7331 12.0905
30.41 64.5852 12.0481
30.61 64.437 12.0052
30.81 64.2921 11.9632
31.01 64.1461 11.9205
31.21 63.9986 11.8799
31.41 63.8588 11.84
31.61 63.7193 11.7939
31.81 63.5812 11.7584
32.01 63.4284 11.7168
32.21 63.2867 11.6794
32.41 63.1499 11.6402
32.61 63.0096 11.6007
32.81 62.8697 11.563
33.01 62.7333 11.5254
33.21 62.5951 11.4877
33.41 62.4604 11.4508
33.61 62.3254 11.4132
33.81 62.1881 11.3766
34.01 62.0541 11.3419
34.21 61.9263 11.3059
34.41 61.7941 11.2649
34.61 61.6726 11.2363
34.81 61.5276 11.1979
35.01 61.3929 11.1651
35.21 61.2655 11.132
35.41 61.1385 11.0975
35.61 61.0087 11.0632
35.81 60.8792 11.0304
36.01 60.7527 10.998
36.21 60.6257 10.9647
36.41 60.4997 10.933
36.61 60.3761 10.9011
36.81 60.2524 10.8685
37.01 60.126 10.8364
37.21 59.9996 10.8061
37.41 59.8788 10.7773
37.61 59.7717 10.7474
37.81 59.6202 10.7202
38.01 59.5184 10.6863
38.21 59.3988 10.654
38.41 59.2754 10.6236
38.61 59.1537 10.5949
38.81 59.0354 10.5667
39.01 58.9191 10.538
39.21 58.8024 10.5089
39.41 58.6847 10.4801
39.61 58.5679 10.4528
39.81 58.4529 10.4246
40.01 58.3369 10.3965
40.21 58.2202 10.369
40.41 58.1044 10.3424
40.61 57.9913 10.3164
40.81 57.8812 10.2901
41.01 57.7728 10.2627
41.21 57.663 10.2329
41.41 57.6714 10.431
41.61 57.4426 10.1861
41.81 57.3262 10.1577
42.01 57.2111 10.1319
42.21 57.0984 10.1073
42.41 56.9886 10.0832
42.61 56.881 10.0591
42.81 56.7743 10.0346
43.01 56.6676 10.0099
43.21 56.5603 9.98529
43.41 56.4527 9.96103
43.61 56.3454 9.93816
43.81 56.2405 9.91449
44.01 56.1357 9.89075
44.21 56.0304 9.86708
44.41 55.9247 9.84368
44.61 55.8186 9.82078
44.81 55.7128 9.79853
45.01 55.608 9.77699
45.21 55.5053 9.75623
45.41 55.4066 9.7368
45.61 55.348 9.73393
45.81 55.1849 9.68563
46.01 55.0935 9.66744
46.21 54.9974 9.64688
46.41 54.9003 9.62572
46.61 54.8026 9.60436
46.81 54.7043 9.58298
47.01 54.6057 9.56175
47.21 54.5067 9.54074
47.41 54.4078 9.52003
47.61 54.309 9.49962
47.81 54.2107 9.4795
48.01 54.1129 9.45964
48.21 54.018 9.44071
48.41 53.9223 9.42089
48.61 53.8267 9.40115
48.81 53.7313 9.38151
49.01 53.6359 9.362
49.21 53.5406 9.34262
49.41 53.4453 9.32342
49.61 53.3499 9.30439
49.81 53.2544 9.28556
